Model: VBLR

---MNIST: Validation: 0.92
---MNIST: Test: 0.92
---USPS: 0.37


=== VBLogisticRegression on Validation set (MNIST)  ===
             precision    recall  f1-score   support

          0       0.96      0.97      0.96       991
          1       0.91      0.97      0.94      1064
          2       0.93      0.89      0.91       990
          3       0.90      0.89      0.89      1030
          4       0.92      0.94      0.93       983
          5       0.90      0.84      0.87       915
          6       0.93      0.97      0.95       967
          7       0.93      0.93      0.93      1090
          8       0.90      0.86      0.88      1009
          9       0.88      0.89      0.89       961

avg / total       0.92      0.92      0.92     10000


 === VBLR on USPS set ===
             precision    recall  f1-score   support

          0       0.44      0.29      0.35      2000
          1       0.48      0.26      0.34      2000
          2       0.49      0.60      0.54      1999
          3       0.36      0.50      0.42      2000
          4       0.41      0.47      0.44      2000
          5       0.34      0.69      0.46      2000
          6       0.58      0.35      0.44      2000
          7       0.22      0.33      0.26      2000
          8       0.20      0.09      0.13      2000
          9       0.16      0.07      0.10      2000

avg / total       0.37      0.37      0.35     19999

Confusion matrix, without normalization
[[ 580    6  109   61  231  210   55  331   53  364]
 [  53  529   32  225  530  143   25  355   83   25]
 [  96   52 1205  119   86  197   90  104   25   25]
 [  42    8  237 1004   21  484   16  117   31   40]
 [  26  109   33   41  941  138   20  407  166  119]
 [  77   14   85  141   35 1375   96  135   25   17]
 [ 100   26  415   86   94  517  698   32    8   24]
 [ 118  177  174  405   85  206   16  650   97   72]
 [ 199   52   95  350  140  638  164  113  186   63]
 [  21  122   91  359  133  106   15  775  238  140]]
